0 0 1 21
0 2 1 1
0 3 1 9
0 4 1 11
0 6 1 7
0 7 1 4
0 8 1 4
0 9 1 7
0 10 1 2
0 12 1 16
0 14 1 1
0 15 1 1
0 17 1 5
0 21 1 2
0 22 1 15
0 23 1 5
0 24 1 3
0 25 1 1
0 27 1 6
0 29 1 1
0 31 1 1
0 32 1 1
0 33 1 13
0 35 1 5
0 36 1 2
0 39 1 1
0 42 1 4
0 43 1 4
0 45 1 1
0 46 1 2
0 47 1 7
0 49 1 1
0 50 1 8
0 51 1 1
0 56 1 5
0 58 1 3
0 62 1 2
0 66 1 4
0 70 1 8
0 81 1 4
0 82 1 1
0 83 1 2
0 85 1 2
0 109 1 5
0 111 1 1
0 113 1 1
0 115 1 1
0 116 1 1
0 117 1 1
0 118 1 2
0 119 1 1
0 122 1 1
0 124 1 4
0 127 1 2
0 133 1 1
0 135 1 1
0 141 1 2
0 144 1 1
0 146 1 2
0 148 1 1
0 152 1 1
0 158 1 1
0 164 1 3
0 166 1 1
0 170 1 1
0 171 1 1
0 173 1 1
0 228 1 1
0 231 1 1
0 239 1 1
0 240 1 2
0 241 1 1
0 243 1 1
0 245 1 1
0 246 1 1
0 253 1 1
0 257 1 1
0 259 1 1
0 260 1 1
0 262 1 1
0 264 1 1
0 265 1 1
0 269 1 1
0 298 1 1
0 300 1 1
0 301 1 1
0 309 1 1
0 329 1 1
0 330 1 1
0 331 1 1
0 332 1 1
0 333 1 1
0 334 1 1
0 335 1 1
0 338 1 1
0 339 1 1
0 351 1 1
1 0 1 19
1 2 1 4
1 3 1 1
1 6 1 6
1 8 1 3
1 9 1 6
1 10 1 3
1 12 1 4
1 14 1 4
1 16 1 5
1 19 1 2
1 22 1 1
1 23 1 6
1 24 1 3
1 25 1 1
1 26 1 5
1 27 1 1
1 28 1 2
1 30 1 3
1 31 1 2
1 32 1 2
1 36 1 3
1 39 1 1
1 44 1 7
1 45 1 1
1 48 1 2
1 49 1 6
1 50 1 1
1 56 1 1
1 57 1 2
1 62 1 4
1 65 1 1
1 66 1 1
1 67 1 4
1 76 1 2
1 79 1 1
1 82 1 1
1 83 1 2
1 85 1 1
1 102 1 5
1 116 1 2
1 118 1 1
1 119 1 4
1 134 1 2
1 142 1 4
1 143 1 4
1 144 1 1
1 145 1 1
1 147 1 2
1 148 1 2
1 152 1 1
1 167 1 2
1 168 1 2
1 169 1 3
1 174 1 1
1 176 1 1
1 227 1 2
1 232 1 2
1 234 1 2
1 235 1 2
1 237 1 2
1 238 1 1
1 242 1 1
1 245 1 1
1 263 1 1
1 266 1 1
1 268 1 1
1 270 1 1
1 272 1 1
1 274 1 1
1 275 1 1
1 276 1 1
1 277 1 1
1 281 1 1
1 284 1 1
1 288 1 1
1 289 1 1
1 293 1 1
1 296 1 1
4 0 1 5
4 3 1 6
4 4 1 9
4 5 1 2
4 6 1 1
4 8 1 3
4 9 1 1
4 10 1 2
4 11 1 14
4 12 1 2
4 17 1 1
4 19 1 20
4 21 1 7
4 23 1 2
4 24 1 1
4 25 1 1
4 26 1 3
4 27 1 4
4 30 1 1
4 32 1 10
4 36 1 1
4 37 1 1
4 39 1 1
4 41 1 10
4 43 1 3
4 45 1 1
4 46 1 3
4 47 1 1
4 48 1 1
4 52 1 1
4 54 1 2
4 56 1 3
4 62 1 1
4 66 1 1
4 69 1 3
4 71 1 8
4 72 1 8
4 74 1 7
4 86 1 2
4 87 1 1
4 88 1 1
4 93 1 2
4 96 1 1
4 97 1 3
4 99 1 3
4 103 1 1
4 115 1 4
4 136 1 4
4 138 1 1
4 139 1 1
4 153 1 1
4 159 1 1
4 160 1 1
4 162 1 2
4 176 1 1
4 192 1 1
4 203 1 1
4 208 1 1
4 212 1 1
4 213 1 1
4 214 1 1
4 216 1 2
4 252 1 1
4 257 1 1
4 354 1 1
4 355 1 1
4 356 1 1
4 357 1 1
4 358 1 1
4 364 1 1
4 366 1 1
4 367 1 1
4 368 1 1
4 369 1 1
4 370 1 1
4 371 1 1
4 374 1 1
4 375 1 1
4 376 1 1
4 377 1 1
4 378 1 1
4 379 1 1
4 395 1 1
4 403 1 1
4 405 1 1
4 406 1 1
4 407 1 1
4 439 1 1
4 440 1 1
4 441 1 1
5 0 1 2
5 1 1 56
5 3 1 2
5 4 1 6
5 6 1 10
5 8 1 4
5 9 1 10
5 10 1 4
5 12 1 1
5 14 1 3
5 21 1 1
5 22 1 1
5 23 1 5
5 24 1 1
5 27 1 1
5 30 1 1
5 37 1 1
5 39 1 1
5 44 1 1
5 45 1 1
5 46 1 1
5 47 1 1
5 48 1 3
5 66 1 1
5 73 1 3
5 97 1 1
5 127 1 1
5 129 1 2
5 141 1 1
5 149 1 3
5 150 1 3
5 152 1 1
5 163 1 3
5 187 1 1
5 193 1 1
5 195 1 1
5 197 1 1
5 200 1 1
5 201 1 2
5 214 1 1
5 219 1 2
5 224 1 2
5 229 1 1
5 239 1 1
5 242 1 1
5 254 1 1
5 261 1 1
5 352 1 1
5 410 1 1
5 411 1 1
5 412 1 1
5 413 1 1
5 414 1 1
5 415 1 1
5 416 1 1
5 417 1 1
5 418 1 1
5 419 1 1
5 420 1 1
5 421 1 1
5 422 1 1
5 423 1 1
5 424 1 1
5 426 1 1
5 427 1 1
5 428 1 1
5 431 1 1
5 433 1 1
5 436 1 1
5 444 1 1
5 445 1 1
5 446 1 1
5 447 1 1
5 448 1 1
5 451 1 1
5 453 1 1
5 454 1 1
5 455 1 1
5 456 1 1
5 457 1 1
5 459 1 1
5 460 1 1
5 462 1 1
6 0 1 2
6 2 1 1
6 3 1 7
6 4 1 5
6 5 1 5
6 10 1 3
6 13 1 5
6 21 1 5
6 24 1 1
6 31 1 5
6 39 1 1
6 45 1 1
6 46 1 1
6 51 1 1
6 53 1 10
6 80 1 6
6 83 1 1
6 84 1 1
6 87 1 1
6 88 1 4
6 89 1 4
6 93 1 2
6 103 1 1
6 113 1 2
6 122 1 4
6 128 1 2
6 132 1 2
6 138 1 1
6 146 1 2
6 165 1 2
6 170 1 2
6 171 1 1
6 178 1 1
6 179 1 2
6 182 1 2
6 188 1 1
6 189 1 2
6 204 1 2
6 207 1 1
6 220 1 2
6 221 1 1
6 222 1 1
6 273 1 1
6 278 1 1
6 279 1 1
6 280 1 1
7 3 1 1
7 7 1 32
7 8 1 4
7 10 1 4
7 13 1 1
7 15 1 1
7 20 1 9
7 24 1 2
7 26 1 1
7 39 1 1
7 40 1 1
7 45 1 1
7 47 1 1
7 48 1 1
7 58 1 1
7 85 1 1
7 87 1 1
7 107 1 1
7 113 1 1
7 128 1 1
7 129 1 1
7 130 1 4
7 133 1 1
7 137 1 1
7 158 1 1
7 161 1 1
7 165 1 1
7 166 1 1
7 171 1 1
7 177 1 1
7 184 1 1
7 195 1 1
7 197 1 1
7 213 1 1
7 215 1 1
7 223 1 2
7 231 1 1
7 246 1 1
7 282 1 1
7 283 1 1
7 285 1 1
7 286 1 1
7 287 1 1
7 290 1 1
7 291 1 1
7 292 1 1
7 294 1 1
7 295 1 1
7 297 1 1
11 0 1 6
11 2 1 34
11 3 1 1
11 4 1 4
11 5 1 22
11 6 1 1
11 8 1 3
11 9 1 1
11 10 1 3
11 14 1 3
11 15 1 4
11 16 1 6
11 18 1 22
11 22 1 1
11 24 1 1
11 25 1 1
11 26 1 2
11 27 1 2
11 29 1 9
11 35 1 2
11 39 1 1
11 40 1 11
11 41 1 1
11 42 1 2
11 44 1 1
11 45 1 1
11 49 1 1
11 50 1 1
11 54 1 8
11 58 1 4
11 59 1 2
11 73 1 1
11 76 1 1
11 84 1 1
11 86 1 3
11 87 1 1
11 88 1 1
11 89 1 1
11 112 1 1
11 128 1 1
11 135 1 2
11 137 1 1
11 145 1 1
11 153 1 1
11 154 1 1
11 159 1 1
11 160 1 1
11 166 1 1
11 174 1 1
11 184 1 1
11 193 1 1
11 198 1 2
11 212 1 1
11 215 1 1
11 217 1 1
11 218 1 1
11 225 1 2
11 230 1 1
11 238 1 1
11 253 1 1
11 259 1 1
11 310 1 1
11 311 1 1
11 312 1 1
11 313 1 1
11 314 1 1
11 315 1 1
11 316 1 1
11 317 1 1
11 318 1 1
11 319 1 1
11 320 1 1
11 321 1 1
11 322 1 1
11 323 1 1
11 324 1 1
